6798 6809 6801 6803 -120.0 2.5
6833 6836 6838 6840  0.0 0.0
6932 6943 6935 6937 -120.0 2.5
6967 6970 6972 6974  0.0 0.0
7066 7077 7069 7071 -120.0 2.5
7101 7104 7106 7108  0.0 0.0
7200 7211 7203 7205 -120.0 2.5
7235 7238 7240 7242  0.0 0.0
7334 7345 7337 7339 -120.0 2.5
7369 7372 7374 7376  0.0 0.0
7468 7479 7471 7473 -120.0 2.5
7503 7506 7508 7510  0.0 0.0
7602 7613 7605 7607 -120.0 2.5
7637 7640 7642 7644  0.0 0.0
7736 7747 7739 7741 -120.0 2.5
7771 7774 7776 7778  0.0 0.0
7870 7881 7873 7875 -120.0 2.5
7905 7908 7910 7912  0.0 0.0
8004 8015 8007 8009 -120.0 2.5
8039 8042 8044 8046  0.0 0.0
8138 8149 8141 8143 -120.0 2.5
8173 8176 8178 8180  0.0 0.0
8272 8283 8275 8277 -120.0 2.5
8307 8310 8312 8314  0.0 0.0
8406 8417 8409 8411 -120.0 2.5
8441 8444 8446 8448  0.0 0.0
8540 8551 8543 8545 -120.0 2.5
8575 8578 8580 8582  0.0 0.0
8674 8685 8677 8679 -120.0 2.5
8709 8712 8714 8716  0.0 0.0
8808 8819 8811 8813 -120.0 2.5
8843 8846 8848 8850  0.0 0.0
8942 8953 8945 8947 -120.0 2.5
8977 8980 8982 8984  0.0 0.0
9076 9087 9079 9081 -120.0 2.5
9111 9114 9116 9118  0.0 0.0
9210 9221 9213 9215 -120.0 2.5
9245 9248 9250 9252  0.0 0.0
9344 9355 9347 9349 -120.0 2.5
9379 9382 9384 9386  0.0 0.0
9478 9489 9481 9483 -120.0 2.5
9513 9516 9518 9520  0.0 0.0
9612 9623 9615 9617 -120.0 2.5
9647 9650 9652 9654  0.0 0.0
9746 9757 9749 9751 -120.0 2.5
9781 9784 9786 9788  0.0 0.0
9880 9891 9883 9885 -120.0 2.5
9915 9918 9920 9922  0.0 0.0
10014 10025 10017 10019 -120.0 2.5
10049 10052 10054 10056  0.0 0.0
10148 10159 10151 10153 -120.0 2.5
10183 10186 10188 10190  0.0 0.0
10282 10293 10285 10287 -120.0 2.5
10317 10320 10322 10324  0.0 0.0
10416 10427 10419 10421 -120.0 2.5
10451 10454 10456 10458  0.0 0.0
10550 10561 10553 10555 -120.0 2.5
10585 10588 10590 10592  0.0 0.0
10684 10695 10687 10689 -120.0 2.5
10719 10722 10724 10726  0.0 0.0
10818 10829 10821 10823 -120.0 2.5
10853 10856 10858 10860  0.0 0.0
10952 10963 10955 10957 -120.0 2.5
10987 10990 10992 10994  0.0 0.0
11086 11097 11089 11091 -120.0 2.5
11121 11124 11126 11128  0.0 0.0
11220 11231 11223 11225 -120.0 2.5
11255 11258 11260 11262  0.0 0.0
11354 11365 11357 11359 -120.0 2.5
11389 11392 11394 11396  0.0 0.0
11488 11499 11491 11493 -120.0 2.5
11523 11526 11528 11530  0.0 0.0
11622 11633 11625 11627 -120.0 2.5
11657 11660 11662 11664  0.0 0.0
11756 11767 11759 11761 -120.0 2.5
11791 11794 11796 11798  0.0 0.0
11890 11901 11893 11895 -120.0 2.5
11925 11928 11930 11932  0.0 0.0
12024 12035 12027 12029 -120.0 2.5
12059 12062 12064 12066  0.0 0.0
12158 12169 12161 12163 -120.0 2.5
12193 12196 12198 12200  0.0 0.0
12292 12303 12295 12297 -120.0 2.5
12327 12330 12332 12334  0.0 0.0
12426 12437 12429 12431 -120.0 2.5
12461 12464 12466 12468  0.0 0.0
12560 12571 12563 12565 -120.0 2.5
12595 12598 12600 12602  0.0 0.0
12694 12705 12697 12699 -120.0 2.5
12729 12732 12734 12736  0.0 0.0
12828 12839 12831 12833 -120.0 2.5
12863 12866 12868 12870  0.0 0.0
12962 12973 12965 12967 -120.0 2.5
12997 13000 13002 13004  0.0 0.0
13096 13107 13099 13101 -120.0 2.5
13131 13134 13136 13138  0.0 0.0
13230 13241 13233 13235 -120.0 2.5
13265 13268 13270 13272  0.0 0.0
13364 13375 13367 13369 -120.0 2.5
13399 13402 13404 13406  0.0 0.0
13498 13509 13501 13503 -120.0 2.5
13533 13536 13538 13540  0.0 0.0
13632 13643 13635 13637 -120.0 2.5
13667 13670 13672 13674  0.0 0.0
13766 13777 13769 13771 -120.0 2.5
13801 13804 13806 13808  0.0 0.0
13900 13911 13903 13905 -120.0 2.5
13935 13938 13940 13942  0.0 0.0
14034 14045 14037 14039 -120.0 2.5
14069 14072 14074 14076  0.0 0.0
14168 14179 14171 14173 -120.0 2.5
14203 14206 14208 14210  0.0 0.0
14302 14313 14305 14307 -120.0 2.5
14337 14340 14342 14344  0.0 0.0
14436 14447 14439 14441 -120.0 2.5
14471 14474 14476 14478  0.0 0.0
14570 14581 14573 14575 -120.0 2.5
14605 14608 14610 14612  0.0 0.0
14704 14715 14707 14709 -120.0 2.5
14739 14742 14744 14746  0.0 0.0
14838 14849 14841 14843 -120.0 2.5
14873 14876 14878 14880  0.0 0.0
14972 14983 14975 14977 -120.0 2.5
15007 15010 15012 15014  0.0 0.0
15106 15117 15109 15111 -120.0 2.5
15141 15144 15146 15148  0.0 0.0
15240 15251 15243 15245 -120.0 2.5
15275 15278 15280 15282  0.0 0.0
15374 15385 15377 15379 -120.0 2.5
15409 15412 15414 15416  0.0 0.0
15508 15519 15511 15513 -120.0 2.5
15543 15546 15548 15550  0.0 0.0
15642 15653 15645 15647 -120.0 2.5
15677 15680 15682 15684  0.0 0.0
17404 17415 17407 17409 -120.0 2.5
17439 17442 17444 17446  0.0 0.0
17538 17549 17541 17543 -120.0 2.5
17573 17576 17578 17580  0.0 0.0
17672 17683 17675 17677 -120.0 2.5
17707 17710 17712 17714  0.0 0.0
17806 17817 17809 17811 -120.0 2.5
17841 17844 17846 17848  0.0 0.0
17940 17951 17943 17945 -120.0 2.5
17975 17978 17980 17982  0.0 0.0
18074 18085 18077 18079 -120.0 2.5
18109 18112 18114 18116  0.0 0.0
18208 18219 18211 18213 -120.0 2.5
18243 18246 18248 18250  0.0 0.0
18342 18353 18345 18347 -120.0 2.5
18377 18380 18382 18384  0.0 0.0
18476 18487 18479 18481 -120.0 2.5
18511 18514 18516 18518  0.0 0.0
18610 18621 18613 18615 -120.0 2.5
18645 18648 18650 18652  0.0 0.0
18744 18755 18747 18749 -120.0 2.5
18779 18782 18784 18786  0.0 0.0
18878 18889 18881 18883 -120.0 2.5
18913 18916 18918 18920  0.0 0.0
19012 19023 19015 19017 -120.0 2.5
19047 19050 19052 19054  0.0 0.0
19146 19157 19149 19151 -120.0 2.5
19181 19184 19186 19188  0.0 0.0
19280 19291 19283 19285 -120.0 2.5
19315 19318 19320 19322  0.0 0.0
19414 19425 19417 19419 -120.0 2.5
19449 19452 19454 19456  0.0 0.0
19548 19559 19551 19553 -120.0 2.5
19583 19586 19588 19590  0.0 0.0
19682 19693 19685 19687 -120.0 2.5
19717 19720 19722 19724  0.0 0.0
19816 19827 19819 19821 -120.0 2.5
19851 19854 19856 19858  0.0 0.0
19950 19961 19953 19955 -120.0 2.5
19985 19988 19990 19992  0.0 0.0
20084 20095 20087 20089 -120.0 2.5
20119 20122 20124 20126  0.0 0.0
20218 20229 20221 20223 -120.0 2.5
20253 20256 20258 20260  0.0 0.0
20352 20363 20355 20357 -120.0 2.5
20387 20390 20392 20394  0.0 0.0
20486 20497 20489 20491 -120.0 2.5
20521 20524 20526 20528  0.0 0.0
20620 20631 20623 20625 -120.0 2.5
20655 20658 20660 20662  0.0 0.0
20754 20765 20757 20759 -120.0 2.5
20789 20792 20794 20796  0.0 0.0
20888 20899 20891 20893 -120.0 2.5
20923 20926 20928 20930  0.0 0.0
21022 21033 21025 21027 -120.0 2.5
21057 21060 21062 21064  0.0 0.0
21156 21167 21159 21161 -120.0 2.5
21191 21194 21196 21198  0.0 0.0
21290 21301 21293 21295 -120.0 2.5
21325 21328 21330 21332  0.0 0.0
21424 21435 21427 21429 -120.0 2.5
21459 21462 21464 21466  0.0 0.0
21558 21569 21561 21563 -120.0 2.5
21593 21596 21598 21600  0.0 0.0
21692 21703 21695 21697 -120.0 2.5
21727 21730 21732 21734  0.0 0.0
21826 21837 21829 21831 -120.0 2.5
21861 21864 21866 21868  0.0 0.0
21960 21971 21963 21965 -120.0 2.5
21995 21998 22000 22002  0.0 0.0
22094 22105 22097 22099 -120.0 2.5
22129 22132 22134 22136  0.0 0.0
22228 22239 22231 22233 -120.0 2.5
22263 22266 22268 22270  0.0 0.0
22362 22373 22365 22367 -120.0 2.5
22397 22400 22402 22404  0.0 0.0
22496 22507 22499 22501 -120.0 2.5
22531 22534 22536 22538  0.0 0.0
22630 22641 22633 22635 -120.0 2.5
22665 22668 22670 22672  0.0 0.0
22764 22775 22767 22769 -120.0 2.5
22799 22802 22804 22806  0.0 0.0
22898 22909 22901 22903 -120.0 2.5
22933 22936 22938 22940  0.0 0.0
23032 23043 23035 23037 -120.0 2.5
23067 23070 23072 23074  0.0 0.0
23166 23177 23169 23171 -120.0 2.5
23201 23204 23206 23208  0.0 0.0
23300 23311 23303 23305 -120.0 2.5
23335 23338 23340 23342  0.0 0.0
23434 23445 23437 23439 -120.0 2.5
23469 23472 23474 23476  0.0 0.0
23568 23579 23571 23573 -120.0 2.5
23603 23606 23608 23610  0.0 0.0
23702 23713 23705 23707 -120.0 2.5
23737 23740 23742 23744  0.0 0.0
23836 23847 23839 23841 -120.0 2.5
23871 23874 23876 23878  0.0 0.0
23970 23981 23973 23975 -120.0 2.5
24005 24008 24010 24012  0.0 0.0
24104 24115 24107 24109 -120.0 2.5
24139 24142 24144 24146  0.0 0.0
24238 24249 24241 24243 -120.0 2.5
24273 24276 24278 24280  0.0 0.0
24372 24383 24375 24377 -120.0 2.5
24407 24410 24412 24414  0.0 0.0
24506 24517 24509 24511 -120.0 2.5
24541 24544 24546 24548  0.0 0.0
24640 24651 24643 24645 -120.0 2.5
24675 24678 24680 24682  0.0 0.0
24774 24785 24777 24779 -120.0 2.5
24809 24812 24814 24816  0.0 0.0
24908 24919 24911 24913 -120.0 2.5
24943 24946 24948 24950  0.0 0.0
25042 25053 25045 25047 -120.0 2.5
25077 25080 25082 25084  0.0 0.0
25176 25187 25179 25181 -120.0 2.5
25211 25214 25216 25218  0.0 0.0
25310 25321 25313 25315 -120.0 2.5
25345 25348 25350 25352  0.0 0.0
25444 25455 25447 25449 -120.0 2.5
25479 25482 25484 25486  0.0 0.0
25578 25589 25581 25583 -120.0 2.5
25613 25616 25618 25620  0.0 0.0
25712 25723 25715 25717 -120.0 2.5
25747 25750 25752 25754  0.0 0.0
25846 25857 25849 25851 -120.0 2.5
25881 25884 25886 25888  0.0 0.0
25980 25991 25983 25985 -120.0 2.5
26015 26018 26020 26022  0.0 0.0
26114 26125 26117 26119 -120.0 2.5
26149 26152 26154 26156  0.0 0.0
