5148
5222
5296
5370
5444
5518
5592
5666
5740
5814
5888
5962
6036
6110
6184
6258
6332
6406
6480
6554
6628
6702
6793
6927
7061
7195
7329
7463
7597
7731
7865
7999
8133
8267
8401
8535
8669
8803
8937
9071
9205
9339
9473
9607
9741
9875
10009
10143
10277
10411
10545
10679
10813
10947
11081
11215
11349
11483
11617
11751
11885
12019
12153
12287
12421
12555
12689
12823
12957
13091
13225
13359
13493
13627
13761
13895
14029
14163
14297
14431
14565
14699
14833
14967
15101
15235
15369
15503
15637
15754
15828
15902
15976
16050
16124
16198
16272
16346
16420
16494
16568
16642
16716
16790
16864
16938
17012
17086
17160
17234
17308
17399
17533
17667
17801
17935
18069
18203
18337
18471
18605
18739
18873
19007
19141
19275
19409
19543
19677
19811
19945
20079
20213
20347
20481
20615
20749
20883
21017
21151
21285
21419
21553
21687
21821
21955
22089
22223
22357
22491
22625
22759
22893
23027
23161
23295
23429
23563
23697
23831
23965
24099
24233
24367
24501
24635
24769
24903
25037
25171
25305
25439
25573
25707
25841
25975
26109
